-3.574765,3.558218,-0.6437919735908508
-7.247846,-3.364931,-0.8938414454460144
2.101382,-3.762829,0.7855821251869202
-9.678431,-2.005376,0.7783190011978149
-9.852097,-4.698665,0.9386321306228638
3.827625,2.933352,-0.998802125453949
-7.309302,0.042493,-0.8482068181037903
-9.706796,-2.682006,0.9068408012390137
-3.364043,-0.803277,0.4601297974586487
-5.034401,3.070472,0.7928348183631897
8.880884,2.890666,-0.36742058396339417
-6.725252,-5.945762,-0.7221673727035522
-6.824964,-5.088587,-0.8305342793464661
2.561144,4.970304,-0.8423603773117065
-8.860598,6.728309,-0.42206770181655884
-4.754287,-4.259153,0.17230384051799774
-1.758991,-0.970536,-0.8789569139480591
5.368978,-5.918475,-0.3367622196674347
4.198758,2.114571,-0.987313449382782
0.426168,-7.992094,-0.8540896773338318
1.018505,9.683266,-0.8187276721000671
-1.262068,-1.41089,-0.990164041519165
2.434235,6.250024,-0.9586120843887329
-3.115227,3.696056,-0.9330704808235168
-1.070477,9.555162,0.9209717512130737
6.772885,5.718539,0.7390276789665222
-7.237679,-2.27787,-0.9940907955169678
-5.807512,4.476899,0.9460688233375549
0.381208,-7.114309,-0.9515524506568909
1.145551,-9.057783,-0.9861153960227966
-1.251136,7.616728,0.9220500588417053
8.626063,5.806881,-0.8672605156898499
-2.394457,-3.769847,0.4375246465206146
3.536589,-3.192469,0.5820098519325256
-3.753448,-5.524864,0.6969377398490906
-5.210122,9.889253,-0.8816357851028442
-5.245105,5.409683,0.3723653554916382
-7.995605,-3.633981,-0.26908308267593384
9.548406,2.304702,-0.7560369372367859
-5.041527,6.569931,-0.19017449021339417
2.004881,8.083848,-0.9909900426864624
3.767791,3.212663,-0.9969576597213745
4.152239,-2.121212,-0.3291878402233124
-9.750717,-0.921673,0.5804792046546936
-7.07797,3.161446,0.20996074378490448
6.178011,-9.112426,-0.13542571663856506
-6.015292,-0.62558,0.0687108039855957
9.330019,8.167071,-0.5945393443107605
6.734812,9.290666,-0.26417121291160583
-4.384554,5.883215,-0.588921844959259
6.748808,-3.822977,-0.6825665235519409
8.042984,-0.935364,0.9940943717956543
-4.526826,8.167488,-0.9372156858444214
-3.199165,2.40137,-0.6494092345237732
9.77742,6.507553,-0.6575270891189575
0.173427,9.448764,-0.03945908322930336
5.423166,-9.714419,0.724716305732727
-9.898982,-9.110232,-0.23039932548999786
1.415057,-5.266638,-0.2584002912044525
-4.429185,3.222853,0.2587483823299408
-0.344712,5.823154,0.9980822801589966
2.320735,0.040028,0.7229871153831482
2.570521,-3.37233,0.9972838163375854
-4.846614,-3.821419,0.21840141713619232
-5.669425,6.596395,0.4151746332645416
-0.280245,-5.004663,-0.9545999765396118
-8.473422,5.5251,-0.41827288269996643
-2.889941,1.923827,-0.7604623436927795
-7.201116,0.261123,-0.7411708831787109
8.442749,-1.769737,0.9996763467788696
-8.893642,-4.782578,0.8366872072219849
-5.585182,-0.67467,0.46465858817100525
-6.830221,-3.01034,-0.9978530406951904
9.268996,-9.676702,-0.09423872828483582
6.247325,9.278542,0.22213327884674072
6.627432,-4.55752,-0.8941176533699036
2.123339,4.473519,-0.39467260241508484
-7.776151,6.63074,0.5791324973106384
-4.617837,-2.322692,0.799229621887207
0.176667,-0.11263,0.1403508484363556
6.316052,4.032899,0.967860221862793
-5.152791,-5.066122,-0.46373140811920166
9.108932,-4.807657,0.9623234272003174
-8.06193,-7.479651,0.8510589003562927
2.377696,8.141066,-0.9672359824180603
5.086396,-7.039217,0.2915518283843994
6.997092,-8.706994,-0.8838253021240234
2.803311,1.175563,-0.0359041690826416
5.461926,7.477421,0.9999289512634277
2.4892,-4.522742,0.8672075867652893
4.457555,-6.177191,0.6054242253303528
-7.328384,-9.655244,0.8288029432296753
-6.183248,5.743464,0.9368298053741455
-6.561582,2.756268,0.5637761354446411
2.260892,5.387792,-0.7408174872398376
-3.881329,0.908904,0.43534669280052185
-8.668067,2.36255,-0.9980747103691101
-4.623323,-6.918878,-0.5162657499313354
1.278187,-1.986042,0.6020054221153259
-9.071459,7.665085,-0.3413955569267273
7.054656,-7.075899,-0.9959582686424255
0.044713,-3.194134,-0.8260210156440735
-3.0931,1.447147,-0.48742103576660156
-5.136179,-8.680454,-0.998975396156311
-6.336059,-2.608023,-0.7726680636405945
-5.893868,-9.862083,-0.3817705810070038
3.710065,-9.130071,0.720049262046814
3.892683,4.198674,-0.8694179654121399
-4.408816,-2.766217,0.8381351232528687
1.475805,5.723401,-0.15539534389972687
-4.409793,-4.197588,0.5117825865745544
4.060813,2.790465,-0.9721272587776184
3.140712,8.910929,-0.30128148198127747
-2.016916,-1.616471,-0.5729804635047913
7.639405,-2.447346,0.5456838011741638
0.897571,-0.599759,0.6492986083030701
9.153315,-8.22867,0.24823935329914093
9.086303,-3.229513,0.9791960120201111
-7.710841,0.623936,-0.9421711564064026
-0.554088,-1.17409,-0.8003102540969849
7.440079,0.744167,0.9843716025352478
-0.286681,-1.979858,-0.7937132716178894
-7.427955,-6.388715,0.03675970062613487
8.065082,-6.020555,-0.13410036265850067
1.879779,-1.94704,0.9520955085754395
-4.751948,-0.336197,0.9892773032188416
2.452691,-3.721134,0.9545711874961853
-3.287141,-6.972643,0.7008461356163025
-3.386697,-7.665682,0.44074276089668274
8.411521,8.434957,-0.9949162602424622
-1.572606,-7.857764,0.8029433488845825
-4.164952,-9.159711,-0.7155373692512512
9.476611,8.394077,-0.4057886600494385
9.328254,1.494481,-0.37016236782073975
2.528024,5.915179,-0.9548906087875366
-5.311659,5.803836,0.31707894802093506
-5.254963,-1.505974,0.5217116475105286
8.436807,-9.988171,-0.855083703994751
-7.266823,-9.041819,0.6594938635826111
-8.082431,4.003466,-0.5011290907859802
-0.409737,-5.191929,-0.8815867304801941
2.368933,9.371919,-0.8022640943527222
-8.523739,-5.883691,0.8259007930755615
9.278156,4.762497,-0.9797739386558533
-2.995607,5.714241,-0.9233468174934387
-6.771077,-3.21118,-0.9981549978256226
5.843715,3.56076,0.6395825743675232
2.720961,-1.466597,0.7754730582237244
-2.195647,7.077992,0.05731634423136711
7.527432,3.074196,0.7948736548423767
-7.436031,5.265177,0.49957847595214844
-0.541417,1.141851,-0.17701679468154907
0.434687,-9.567108,-0.506373941898346
5.060845,-7.989085,0.5840851664543152
3.138826,-9.456885,0.12825162708759308
6.501274,-6.63966,-0.9477834701538086
6.082171,3.989303,0.8766334056854248
7.893821,5.034494,-0.07151123881340027
6.629245,-0.672656,0.13156373798847198
-9.436655,1.724898,-0.511711061000824
6.310197,-6.201497,-0.9300710558891296
4.609834,-0.885148,-0.9270588755607605
-6.637437,5.031599,0.9481476545333862
8.610855,3.37236,-0.25662916898727417
7.032089,-1.739176,0.19406765699386597
-4.696215,-4.65307,0.10565438866615295
3.1728,-0.250009,0.04835403338074684
3.370401,0.72877,-0.44464945793151855
-8.123668,1.929583,-0.9412379264831543
-4.741696,3.898637,0.35145851969718933
-9.545306,9.264591,-0.3080189526081085
7.475662,1.138655,0.9998739957809448
-7.057099,9.068011,0.8568189740180969
-4.643079,-5.104114,0.015415837056934834
7.513395,4.086883,0.5732673406600952
-4.437627,-0.907217,0.9999018311500549
-4.249462,-2.307963,0.9633105993270874
-1.300146,5.493939,0.4337306320667267
9.387592,-4.494046,0.9946886897087097
-8.908582,-7.613884,0.9438890814781189
-6.34652,-7.753303,-0.5731172561645508
-7.201293,-5.608743,-0.42427998781204224
-7.319835,-3.439257,-0.8469343781471252
-2.672276,3.200131,-0.9965701699256897
9.224451,-3.670594,0.979650616645813
-1.907246,4.650928,-0.4139687716960907
-2.596715,4.521312,-0.915816605091095
6.65053,6.798797,0.5729687809944153
-0.103363,-0.061316,-0.12257148325443268
-5.580335,-3.405889,-0.37210676074028015
5.62182,-2.08031,-0.9695897102355957
8.639773,-9.736159,-0.6761521100997925
4.482201,3.819028,-0.5524910092353821
6.299383,-8.897946,-0.31976956129074097
8.688517,6.93598,-0.9950770139694214
7.417724,-6.964992,-0.8831272125244141
-0.775858,5.042751,0.737458348274231
3.461292,0.220116,-0.3799704909324646
-2.665544,-2.692086,0.3717273473739624
-0.233463,-8.976386,-0.050835296511650085
-3.144018,-0.834656,0.26490405201911926
-4.481709,0.958844,0.8598147034645081
0.613651,-9.833849,-0.5851234793663025
6.534562,9.609389,-0.1677507609128952
1.644896,0.272448,0.9870958924293518
5.829159,-9.233893,0.24902495741844177
-4.989491,-2.606971,0.4474124014377594
6.286383,-7.753249,-0.6263442039489746
4.382572,3.776627,-0.6430506706237793
3.040522,-6.427144,0.838594913482666
8.686546,3.242032,-0.289533406496048
7.405868,-9.147136,-0.9763007164001465
-0.756634,8.019319,0.9747499227523804
-9.987972,0.356541,0.434699147939682
9.336578,0.937976,-0.20881904661655426
-3.112002,-9.961661,0.00028831162489950657
5.869933,5.143546,0.9404627680778503
1.597744,4.999816,-0.04762405902147293
-8.951873,8.906498,0.16557274758815765
-4.762371,2.62181,0.7076950073242188
-2.492582,-7.266807,0.9956517219543457
-4.108067,-4.465826,0.6842697858810425
-3.239809,4.369751,-0.9615848660469055
-1.761075,-9.541188,0.9963265061378479
-3.429491,7.998003,-0.7730578780174255
-0.376533,0.253642,-0.29150161147117615
5.764065,-8.944259,0.22269085049629211
-1.80619,0.400858,-0.9941955804824829
0.011244,-0.670029,-0.20066124200820923
7.751512,-9.112093,-0.9904029369354248
-7.353101,6.053701,0.7559062838554382
3.09844,-4.417624,0.9926315546035767
-5.385122,-5.755144,-0.8039190173149109
3.933699,6.962592,-0.13283103704452515
7.316043,2.281381,0.982333779335022
3.408692,-4.904281,0.9619309306144714
0.49235,1.053454,0.7363601922988892
-3.30361,-9.011845,0.11078820377588272
-6.343536,-7.82894,-0.5557072162628174
-2.264114,-9.401016,0.8555617928504944
1.00255,-9.352003,-0.9196968674659729
-4.382909,-8.50457,-0.7220853567123413
3.373097,1.767165,-0.7131702899932861
-3.603328,5.790886,-0.9821483492851257
-7.751316,-8.006194,0.7675361633300781
2.761261,-5.505522,0.846192479133606
-6.557044,8.290618,0.7007624506950378
1.056228,-0.904233,0.6949869394302368
-7.405792,8.426195,0.999936580657959
0.012183,-8.645631,-0.39106273651123047
8.926741,-4.858035,0.8899314403533936
1.150423,4.762942,0.45740804076194763
5.457959,8.379292,0.9634530544281006
2.437116,-7.33504,0.10212182998657227
4.565925,-5.038851,0.17861975729465485
-9.512372,-3.262171,0.9026878476142883
5.099734,-6.641974,0.15543191134929657
7.788964,7.147729,-0.5966968536376953
6.749211,6.92259,0.45470258593559265
-8.828598,0.577521,-0.7032866477966309
3.427081,2.734972,-0.9152214527130127
-4.943308,8.798212,-0.8408451080322266
0.683401,0.420481,0.7292630076408386
2.859403,1.074888,-0.05992191284894943
-3.031913,1.696542,-0.6049519777297974
-2.671409,-9.274432,0.6128268837928772
-5.253565,1.828997,0.9991591572761536
-1.375409,0.986755,-0.8729977011680603
-1.510902,4.358011,-0.12338893115520477
1.420092,8.197531,-0.7757195234298706
-7.599086,-0.873254,-0.9997339248657227
-9.994124,6.867347,-0.998951256275177
-7.81399,3.449553,-0.4193943440914154
1.504742,5.87756,-0.2319042682647705
4.118663,-8.054701,0.9998716115951538
2.33055,1.174227,0.4234720766544342
-2.491908,2.242097,-0.9785633683204651
8.82813,-7.765147,0.0731559693813324
8.150897,-6.227742,-0.11438912153244019
7.995081,7.555475,-0.8278620839118958
0.780463,-9.999894,-0.6735420227050781
-4.712597,-4.739918,0.06178619712591171
4.403468,-3.586041,-0.12011243402957916
-2.983567,-6.294844,0.9624553322792053
2.525019,0.17604,0.5316423177719116
-0.360288,2.106462,0.3052678406238556
2.091818,-1.99857,0.9933784008026123
-2.674789,1.846781,-0.869728684425354
4.145585,9.099638,0.6881267428398132
6.496923,-2.480767,-0.5446025729179382
-2.066711,0.382677,-0.9308351278305054
-9.484963,4.209384,-0.9579306840896606
9.258021,-0.329898,0.26843366026878357
3.951948,-0.902279,-0.4996121823787689
-5.336197,6.944817,-0.015999024733901024
-3.886943,5.893924,-0.9047293066978455
-2.211282,7.169578,0.0708060935139656
-0.639102,-0.955285,-0.8094287514686584
-4.93449,4.911222,0.22759480774402618
2.647143,8.698799,-0.7624742984771729
-3.98443,-7.727478,-0.16028271615505219
5.68737,0.897433,-0.3052050769329071
-1.851668,-9.340068,0.993699312210083
-0.868343,2.447055,-0.08930209279060364
6.781765,9.090185,-0.2478715181350708
-7.395802,-0.238234,-0.92779141664505
4.42693,-8.105147,0.9621027112007141
-2.334948,8.223257,0.2788494825363159
8.367149,-4.230975,0.6722196340560913
5.339964,3.608516,0.20396359264850616
3.764575,1.70948,-0.9196258783340454
-8.719804,-0.2407,-0.5878162980079651
-2.927931,0.595293,-0.3923170864582062
7.889791,-1.021902,0.9583946466445923
-8.487392,6.656022,-0.08542526513338089
-0.713053,6.207149,0.9529258608818054
-3.59439,-2.024092,0.8898817300796509
-9.40312,-3.222658,0.8437036275863647
-6.384179,-4.162536,-0.9895310401916504
4.417788,3.850991,-0.5968654751777649
7.534472,9.470288,-0.9019136428833008
-4.365018,7.956366,-0.9659692049026489
-6.558765,6.289071,0.9879345893859863
3.792729,-6.97919,0.9999999403953552
1.132447,-9.755804,-0.9202312231063843
-8.049022,0.223982,-0.9923534393310547
-5.957012,6.173451,0.7515108585357666
-1.504396,-9.741248,0.994253396987915
5.521944,8.669341,0.9100054502487183
7.99964,2.387887,0.6170980930328369
-7.264136,6.792412,0.9250401258468628
-1.829681,0.001407,-0.9667906761169434
-3.190561,7.760809,-0.6595492362976074
1.817956,-4.747074,0.3021196126937866
-1.665373,-1.862748,-0.7728300094604492
1.284521,2.152745,0.9214637279510498
-9.11184,3.151195,-0.9677131772041321
-5.022405,-5.339374,-0.42484918236732483
-7.41181,-9.976366,0.9178411364555359
-8.052172,6.78967,0.3822525441646576
-2.189464,-1.937125,-0.3292626440525055
-3.99596,-8.965237,-0.5366804003715515
0.458073,-4.384807,-0.8061724305152893
-8.311768,6.181345,-0.060961268842220306
3.74561,-7.304856,0.9887121319770813
-4.311907,8.132699,-0.9884107708930969
-0.510213,-7.649749,-0.1951289027929306
1.11595,-7.370241,-0.9425123333930969
2.760364,9.434697,-0.4965886175632477
7.048084,0.620095,0.8204975724220276
-1.415542,-3.628691,-0.5404759049415588
8.316314,2.075901,0.43287917971611023
6.970922,-1.64228,0.16423505544662476
2.342849,-8.209877,-0.26715144515037537
9.239186,4.820422,-0.9754589796066284
5.572059,-3.605851,-0.9587832093238831
-8.288746,-1.581415,-0.591285765171051
-6.875663,-3.532185,-0.9893593788146973
2.441644,-7.876195,-0.06537991762161255
-4.87538,6.699034,-0.3881113529205322
5.491468,-0.606302,-0.8331112265586853
2.80149,-5.348901,0.8906997442245483
-1.906485,5.692454,-0.09438000619411469
-3.317381,1.003954,-0.14328527450561523
-4.104416,6.583941,-0.9056500196456909
2.173674,9.165438,-0.9291332364082336
1.192728,2.233258,0.9451313614845276
5.432924,7.363205,0.9970155954360962
-7.393064,5.547605,0.60993492603302
-7.200068,-1.372311,-0.9765275716781616
3.738512,-1.717459,-0.050213996320962906
-9.739147,1.630311,-0.20315061509609222
1.898863,6.656886,-0.7683268189430237
8.668777,-0.314821,0.7553648352622986
-4.433321,0.836763,0.8549106121063232
-7.240573,5.773132,0.7709028720855713
-0.426831,-1.404715,-0.7668800354003906
0.624157,-4.809049,-0.7874190807342529
9.121881,7.711578,-0.8359267711639404
8.932811,4.912989,-0.8781045079231262
-5.069259,2.436294,0.913648247718811
-8.471462,0.885172,-0.9441729187965393
6.940993,-1.470997,0.1884414255619049
-6.092258,2.078089,0.7528644800186157
-1.368783,-2.29548,-0.8634833693504333
-9.533568,-5.334751,0.9722580909729004
3.962242,-1.58689,-0.31031686067581177
0.077754,-9.76796,-0.10988640785217285
2.727427,-5.788504,0.7738446593284607
4.561347,9.841118,0.9872097969055176
-0.732389,7.283248,0.9998853206634521
-3.88269,4.92051,-0.7346493601799011
-6.421588,-8.20824,-0.3805829584598541
9.361131,5.542505,-0.9915890693664551
7.031623,0.11652,0.7071978449821472
3.367975,9.170702,0.00391452107578516
6.505687,1.833075,0.7215150594711304
-2.698809,-8.785239,0.708907425403595
4.137087,-5.057902,0.5765385627746582
-3.93709,2.992423,-0.15637604892253876
-1.356007,7.282968,0.8204705715179443
-0.285199,-1.976571,-0.7921727895736694
0.62459,1.82599,0.9341323971748352
9.311331,7.817388,-0.693753719329834
-0.912684,-2.68666,-0.9806428551673889
-4.824039,-7.507624,-0.8019812703132629
-2.431405,-4.156818,0.5752983093261719
-1.125644,3.873797,0.10721740871667862
-1.583441,-1.069529,-0.938309907913208
3.378343,-1.967442,0.37973126769065857
0.147435,2.891183,0.8761069774627686
-6.193515,6.808308,0.773769736289978
6.020684,-1.051608,-0.5623614192008972
4.37529,5.399481,-0.18806080520153046
4.81839,2.205262,-0.6909762024879456
-8.633922,-3.167862,0.21579454839229584
0.493755,-5.471885,-0.9483521580696106
8.537954,-5.623231,0.4482790231704712
-1.57525,-9.003467,0.9634376764297485
-9.157142,-9.634601,0.3357866704463959
-1.840461,7.183989,0.43160706758499146
-7.266296,-7.758529,0.3061387240886688
7.129154,8.19899,-0.30905160307884216
-2.287726,3.131238,-0.9611177444458008
-8.171409,1.12032,-0.9992324709892273
-8.804526,6.125162,-0.5410134196281433
2.285697,-3.0636,0.9663196206092834
-5.660083,3.804812,0.9655063152313232
-8.831708,7.12573,-0.27667495608329773
5.776155,-1.643319,-0.8573581576347351
-3.415463,-2.688741,0.904293954372406
4.516899,7.456567,0.5705806612968445
-6.804209,-1.2189,-0.7888969779014587
-3.936466,2.377842,0.03797365725040436
-7.382301,-2.866796,-0.9043898582458496
8.972237,-5.315391,0.8399060368537903
1.915326,-8.459746,-0.7014962434768677
0.406089,-5.624764,-0.9826652407646179
4.941753,-5.434401,-0.07027868926525116
-2.742789,-3.756047,0.715111255645752
0.950086,-0.277218,0.759044885635376
2.701767,4.479925,-0.8339231610298157
2.567305,-7.777472,0.09153053909540176
4.786649,-1.69735,-0.8933624029159546
2.577927,-4.678928,0.8859683871269226
5.51174,4.988539,0.7287237644195557
4.48584,-7.328282,0.8351565003395081
-3.772383,2.681032,-0.22077472507953644
3.422472,8.683316,-0.09657690674066544
-2.282247,7.704867,0.1694662719964981
-9.887531,-0.878424,0.6760317087173462
5.235595,-9.855924,0.8640374541282654
8.834675,-3.323706,0.9970157742500305
9.785464,1.059868,-0.6427268981933594
-1.463322,3.094035,-0.4604128301143646
-8.71524,4.768269,-0.7921155095100403
-5.136331,8.747721,-0.7101754546165466
-0.543466,-4.013042,-0.9688974022865295
-1.130671,-4.229325,-0.6168119311332703
9.315718,9.842581,-0.11739077419042587
1.684413,-7.32218,-0.6022440791130066
-6.796292,-4.274788,-0.9544405341148376
1.970397,2.747155,0.2924128770828247
-5.923759,5.911635,0.7835971117019653
-0.748267,8.939685,0.8645577430725098
-8.243278,-5.6708,0.5839381814002991
3.662393,8.61653,0.1216326579451561
0.887687,-3.558409,-0.24254631996154785
-5.389371,2.760453,0.9797279834747314
-1.619037,-1.353412,-0.8874354958534241
8.030014,-1.976634,0.899072527885437
-5.346785,4.440517,0.7115713953971863
1.324023,6.62482,-0.2870790958404541
-6.077475,-4.341897,-0.9232127070426941
-6.943721,-7.998289,0.06483203172683716
4.348118,6.784776,0.22271040081977844
9.960293,6.858601,-0.4104222059249878
3.07887,-3.843224,0.9597354531288147
-2.451586,-5.61843,0.890478253364563
-4.794978,-5.310399,-0.20077139139175415
-7.278458,5.185224,0.6093456745147705
2.464338,-0.582278,0.7595360279083252
0.426136,-2.244679,-0.2843874990940094
3.033474,-7.627887,0.5691258311271667
-7.971489,-6.291478,0.5221336483955383
-8.108893,-7.552648,0.8857919573783875
7.618699,9.623574,-0.9512304067611694
-2.684667,7.033795,-0.43112632632255554
-0.724504,3.343615,0.3333001136779785
-0.432797,-6.469792,-0.6047062873840332
1.314589,-7.951282,-0.9378500580787659
5.548696,1.759368,-0.1735812872648239
-4.704712,-1.573152,0.8808826804161072
6.052508,-9.649275,0.15985554456710815
4.5684,2.159858,-0.8558960556983948
9.024863,-0.756153,0.5976813435554504
-0.390147,6.075001,0.9996297955513
-6.304283,-8.734296,-0.3337533175945282
9.117061,9.399273,-0.44164252281188965
-6.058118,-4.253288,-0.9038979411125183
-5.11989,-0.950469,0.7583326101303101
-2.656244,-9.758252,0.49756839871406555
7.318279,9.641368,-0.8205904364585876
-6.053085,4.565033,0.9936898946762085
-6.965223,2.952833,0.2550298869609833
-3.293304,2.152668,-0.5085536241531372
-2.712132,8.326322,-0.061742350459098816
4.618042,2.195184,-0.8228422999382019
5.532652,1.888528,-0.14884112775325775
-4.362425,1.219881,0.7396377921104431
6.22967,0.123592,-0.01417428907006979
-8.300505,-3.024723,-0.1607734113931656
9.303867,-0.467478,0.26645520329475403
-9.645046,-5.461929,0.9256455302238464
4.364226,1.988446,-0.9597237706184387
-3.23498,8.475851,-0.511588990688324
0.939337,-3.072924,-0.03879527002573013
-6.668512,0.402062,-0.2545151710510254
-2.03333,9.309828,0.8016678690910339
7.722127,7.813906,-0.7065369486808777
8.657308,-3.576086,0.9444175958633423
8.90965,-9.44683,-0.37143537402153015
-9.835769,9.804856,-0.4183253049850464
7.439491,9.504647,-0.8624732494354248
5.712928,-1.944501,-0.9280754923820496
-6.318301,3.001847,0.7958450317382812
8.775696,2.484042,-0.1411401778459549
4.053547,9.279349,0.662439227104187
-1.139319,8.721396,0.9978233575820923
-5.628691,6.279614,0.46906813979148865
-7.638454,7.265553,0.8177139163017273
7.108597,-8.560939,-0.9464229345321655
1.710501,-5.506183,-0.042158979922533035
7.126725,-7.109949,-0.988595724105835
2.700844,1.298567,0.027398407459259033
-0.310166,-4.722594,-0.9707123637199402
6.46927,-5.795519,-0.99614018201828
-0.762107,1.954903,-0.13938675820827484
0.841197,-5.174558,-0.7214651703834534
7.181463,-5.958336,-0.8405620455741882
-7.223689,-8.397922,0.454715371131897
-4.43723,-9.543917,-0.9290984869003296
-6.454003,7.026237,0.8800131678581238
-7.729355,-8.92936,0.9114850759506226
-1.822799,-9.891149,0.9666822552680969
-8.152981,0.998972,-0.999819815158844
0.171495,-6.587373,-0.9378081560134888
3.328227,6.289764,-0.81507807970047
-4.975938,1.420824,0.9822463989257812
1.558649,6.397175,-0.43797093629837036
-6.538068,-8.804332,-0.08410517871379852
-8.501681,-3.972128,0.3346845805644989
2.972439,6.888073,-0.899316668510437
-8.824666,-6.216155,0.9815778136253357
1.023668,6.80654,-0.04864521324634552
8.754565,-7.278024,0.15409639477729797
3.71185,7.336905,-0.23374341428279877
0.772759,0.06264,0.7122496366500854
4.965922,1.894992,-0.6549139022827148
-5.4726,1.876885,0.98678058385849
-3.039738,-4.615786,0.9793853163719177
-1.303836,4.222313,0.04015712812542915
2.449076,3.159834,-0.30818966031074524
-4.973247,-9.560991,-0.9868058562278748
1.800001,7.603708,-0.8813650012016296
6.261807,-1.562583,-0.4958069920539856
3.179741,-8.601015,0.4277055859565735
-3.098735,-6.220775,0.9335943460464478
3.005552,-1.26188,0.5121699571609497
-5.218038,-9.431117,-0.9337399005889893
2.656573,1.006497,0.16389872133731842
9.34452,0.362475,-0.03511376678943634
6.673608,-6.48857,-0.9945805072784424
-6.171548,2.097274,0.7027249932289124
-0.922817,-5.702659,-0.3926975429058075
-7.115735,-9.477891,0.6502115726470947
-2.886687,1.18945,-0.5919848084449768
-1.860226,3.602096,-0.6545923948287964
0.776149,0.114408,0.7260541319847107
5.283757,-0.788154,-0.9490808844566345
2.673284,7.252758,-0.9638988971710205
-2.862855,3.61588,-0.9900635480880737
0.588725,6.556863,0.44909635186195374
3.477956,-1.278189,0.07043833285570145
-5.55271,-5.905862,-0.9125264883041382
-2.872953,-3.42521,0.7322626113891602
4.858464,9.787816,0.9928037524223328
0.453842,-4.781482,-0.8763112425804138
2.604483,-5.444435,0.7652730941772461
3.690471,0.377541,-0.6202437281608582
7.212996,2.663627,0.9786779284477234
1.969611,3.730745,-0.015550789423286915
6.77153,1.680963,0.853888750076294
3.347615,7.643459,-0.48168978095054626
-2.73582,8.219174,-0.11929098516702652
4.157704,1.016727,-0.9734262824058533
-4.089124,8.297685,-0.9924564361572266
-7.212578,6.329947,0.8845332264900208
-7.179402,-0.80019,-0.9131413698196411
-9.033899,-0.545552,-0.21551978588104248
-9.369994,3.736197,-0.9470922946929932
-3.892991,-8.763297,-0.38872718811035156
-4.730617,1.07916,0.9475615620613098
-1.372666,5.219323,0.2847025990486145
-0.00235,6.25878,0.9134615659713745
-9.877915,6.235773,-0.9992386102676392
-2.170167,2.134492,-0.9967969655990601
-2.587296,-7.604004,0.9567041993141174
-1.060075,7.026195,0.9232410192489624
-5.347304,2.784696,0.9685448408126831
8.056918,8.927967,-0.9953188896179199
0.556764,4.548565,0.9073662757873535
-5.196263,0.955548,0.9838950037956238
2.845323,-9.731466,-0.24963067471981049
2.861169,-8.371847,0.19506865739822388
-1.013454,-4.125417,-0.7277103662490845
-1.223554,3.077757,-0.24146340787410736
-6.849996,8.437544,0.8534919619560242
-2.122601,-3.387701,0.05931217223405838
5.78041,9.655983,0.5402827858924866
5.805402,6.128449,0.99521803855896
4.387304,3.937277,-0.5992845296859741
4.073081,9.961687,0.8196495175361633
-8.101002,-4.324888,0.05285376310348511
2.468079,0.21635,0.5684719681739807
6.623977,-9.265709,-0.5081349611282349
-3.964875,-7.045219,0.07567537575960159
5.667293,-2.360386,-0.9793511033058167
1.010168,1.684495,0.9997014403343201
8.511647,-5.211855,0.539191484451294
8.057293,2.751365,0.4721236228942871
-5.25845,8.257921,-0.48967814445495605
-8.767496,-5.195781,0.8396219611167908
-1.28418,0.153336,-0.9442706108093262
-9.138387,0.195253,-0.3415280282497406
-0.89419,6.929257,0.9665606021881104
5.835808,6.889098,0.9847797155380249
-2.17115,9.792492,0.8110219240188599
1.714753,7.244852,-0.7702726125717163
-4.322254,0.576873,0.8398665189743042
9.392034,0.162225,-0.018892141059041023
8.449339,9.126955,-0.9362610578536987
7.257384,9.503958,-0.7564113140106201
2.833823,-4.063381,0.9995383024215698
-8.176536,-3.185247,-0.2322072684764862
0.470471,7.614924,0.2447056919336319
-2.756478,9.729173,0.33387717604637146
7.237584,-5.521106,-0.7194594144821167
-3.511122,6.73353,-0.9794614315032959
1.473458,5.404748,-0.052226461470127106
2.693176,7.607093,-0.9202021360397339
-3.970287,-0.364293,0.8102932572364807
8.424651,8.763138,-0.9762301445007324
9.779197,7.402412,-0.4177001714706421
-3.383841,-6.44561,0.7497228980064392
-4.903413,8.878377,-0.8744276762008667
-0.157393,4.285716,0.9344789981842041
-0.068126,-0.259737,-0.15023191273212433
-7.299869,7.95632,0.9984930753707886
-7.300674,-5.993377,-0.21466852724552155
0.558982,-1.581876,0.05542684718966484
-8.206657,7.366715,0.4090622067451477
-3.499988,8.8059,-0.6419075131416321
1.052353,9.034923,-0.7080022096633911
1.149438,-2.238196,0.4232216477394104
5.448202,-1.557626,-0.9713366627693176
-6.844165,0.465267,-0.4012495279312134
-7.646429,4.920112,0.20148755609989166
-1.660372,-9.580706,0.9999971389770508
-4.480961,1.732281,0.7089202404022217
-1.972919,-2.480532,-0.37008053064346313
2.126631,-8.746861,-0.6112043261528015
-5.32427,4.319984,0.7226189970970154
3.643139,9.698117,0.432226300239563
5.278351,3.622738,0.14777573943138123
0.257685,-3.300226,-0.7123279571533203
4.024798,-3.735777,0.3011794984340668
-7.864585,-9.870635,0.9999402761459351
3.269645,8.384952,-0.33775201439857483
2.003463,-3.845269,0.7029067277908325
-2.987643,8.136956,-0.3871784806251526
-0.216615,9.919941,0.19924992322921753
7.212681,8.568077,-0.49271443486213684
9.988271,1.49476,-0.8620443344116211
1.687677,-7.532764,-0.6518915891647339
9.511375,-5.436252,0.9973353147506714
6.741324,1.742167,0.8482580780982971
-2.589522,-4.326675,0.7346513867378235
-9.899254,9.961246,-0.4307336211204529
4.909313,1.319224,-0.8157069087028503
-0.043128,7.326744,0.7529580593109131
5.677344,2.848553,0.2963618338108063
-6.453418,0.947945,0.1311289668083191
-0.261951,2.828896,0.5960032939910889
-4.964481,4.065594,0.5044711232185364
-6.30845,-3.215409,-0.8668063282966614
-7.687574,6.777524,0.6838047504425049
-5.808985,1.048466,0.7228631973266602
-2.567641,8.802465,0.23213355243206024
-1.725257,-1.584774,-0.7906600832939148
-2.928968,-5.423337,0.9983690977096558
-8.822045,2.706928,-0.994342565536499
-4.681423,3.534576,0.4029519259929657
-4.139864,-8.797343,-0.6107125878334045
-2.545727,-1.646509,-0.07170398533344269
-6.795287,-6.265978,-0.5931515693664551
6.455628,-5.875725,-0.9919384121894836
8.16953,1.021848,0.8016104102134705
-4.149634,-6.295057,0.1294085532426834
9.512682,-8.109392,0.6037499904632568
-8.318435,-6.393884,0.8009577393531799
2.728044,6.903008,-0.9774115681648254
4.840763,-9.058068,0.9261608719825745
-0.302998,5.407288,0.9883790612220764
-7.557555,8.410624,0.985924243927002
7.991394,8.200731,-0.9234550595283508
-6.470282,-1.619264,-0.6461463570594788
-8.017189,-9.715204,0.9935021996498108
4.398049,2.228505,-0.9229908585548401
-8.901462,-1.379677,-0.0840519592165947
8.119,-3.088151,0.7531427145004272
-2.126093,6.369904,-0.09833037108182907
-5.826185,-1.705305,-0.0857098400592804
-0.456589,4.332075,0.7970250844955444
7.240969,-6.444884,-0.8883258104324341
-9.986435,-1.234194,0.8160326480865479
-7.249067,-1.489231,-0.9914476871490479
6.229247,3.534338,0.8777168989181519
-4.767674,-4.505818,0.08117537945508957
-1.548158,-4.020964,-0.3084108829498291
-3.608744,1.666935,-0.06340792030096054
2.179106,6.694755,-0.9201722741127014
-6.117256,4.943689,0.9857941269874573
-2.812659,-2.113475,0.33707311749458313
2.040088,8.209347,-0.9982490539550781
-4.814534,8.946442,-0.9226123690605164
7.20201,-3.590451,-0.22218146920204163
-8.813586,2.286652,-0.9732681512832642
-5.127783,-9.106007,-0.9851873517036438
-4.963037,-5.741546,-0.4859437346458435
-3.114536,-5.949563,0.9565249681472778
-2.318779,-3.79151,0.37468910217285156
0.580912,3.998253,0.9602780938148499
-9.267972,-1.261981,0.24245446920394897
-8.567753,-7.135374,0.9877693057060242
0.282575,8.675563,0.09734606742858887
1.518462,-7.751579,-0.8127997517585754
4.935497,5.371867,0.3543604016304016
4.512539,6.322023,0.23936916887760162
0.674029,8.567299,-0.2565898299217224
7.990412,-5.625043,-0.08318368345499039
-1.768669,3.463097,-0.6181060075759888
-8.071691,8.969715,0.8755843043327332
-1.363751,2.484157,-0.5421715378761292
4.412516,-6.425593,0.6992916464805603
6.045943,-2.073951,-0.7817090749740601
0.133465,0.799309,0.3782387673854828
9.307641,7.304351,-0.8038157820701599
9.086945,4.989159,-0.9490681886672974
-6.381903,7.273555,0.7986606955528259
-9.220572,3.852593,-0.9901779294013977
5.394448,1.657504,-0.3533387780189514
0.903657,-5.908761,-0.828912079334259
-5.067222,-3.917431,-0.0309891514480114
4.076151,2.366684,-0.9931515455245972
-3.610022,-6.456707,0.5793489813804626
-5.114796,5.722932,0.15095843374729156
2.453701,8.861056,-0.8462584614753723
4.450429,-5.625258,0.46332070231437683
5.239708,-8.402441,0.5450632572174072
8.069222,1.564418,0.7562652826309204
9.011486,8.842078,-0.6745564937591553
-5.1536,-8.716443,-0.9972522258758545
-7.907141,-3.08619,-0.5100746750831604
8.689112,0.064513,0.6557161808013916
4.946805,-6.356339,0.21634870767593384
-7.223483,7.917547,0.9999582171440125
-0.324111,4.010465,0.8148437738418579
-6.15738,-0.869475,-0.1503845900297165
2.16364,8.971932,-0.9532124400138855
3.866584,0.150623,-0.6982401609420776
1.568839,-3.885868,0.32586708664894104
2.720024,-5.797975,0.7672045826911926
-7.737904,0.405614,-0.9700916409492493
8.98195,-2.427789,0.9375842213630676
-6.540298,1.255395,0.1420104205608368
-1.589855,-8.956992,0.9633871912956238
9.872758,-6.678904,0.9942612051963806
4.323527,-2.755065,-0.300264447927475
2.981102,2.279616,-0.5355287194252014
-7.023065,7.813063,0.9844995141029358
5.452395,7.122265,0.9909685850143433
-0.054228,9.968235,0.022831037640571594
4.616464,9.822668,0.9938607215881348
-0.375494,5.509389,0.9815104007720947
2.593773,-5.261646,0.7949584722518921
6.70767,8.077849,0.1453317254781723
-6.385845,-4.539356,-0.9997305274009705
7.371326,-7.185082,-0.9316551685333252
-3.464887,2.014649,-0.31265658140182495
5.889789,-6.962465,-0.5072364807128906
-3.838905,-4.625774,0.8259304761886597
1.560456,-9.219522,-0.9807388782501221
9.748283,7.840767,-0.3167431652545929
-1.358025,-4.993641,-0.19282695651054382
-3.669366,-9.098238,-0.2785073518753052
6.217438,-6.111554,-0.9046157002449036
-8.216757,6.991602,0.28779610991477966
3.172782,0.237381,-0.10654746741056442
1.76176,7.336432,-0.8165597319602966
8.814636,-5.815652,0.6290040016174316
4.145858,0.569429,-0.9266946315765381
-1.225626,-0.825565,-0.9966082572937012
1.991476,8.372296,-0.9984363913536072
0.510849,3.780316,0.9897409081459045
7.70434,-0.138789,0.9812756776809692
-2.123991,6.002818,-0.21162240207195282
3.923404,1.88751,-0.982347846031189
2.333401,6.503596,-0.952690064907074
2.187179,-8.807351,-0.5780097842216492
3.690832,8.992561,0.26679685711860657
-8.694529,-3.297357,0.31393253803253174
9.736738,4.323819,-0.9931073784828186
-4.58302,8.804285,-0.978086531162262
1.373804,8.918265,-0.8776721358299255
-3.084503,-6.554323,0.8967528939247131
1.723133,-6.469858,-0.32998427748680115
1.953399,5.78525,-0.6078171133995056
9.344155,-9.690198,-0.023513836786150932
9.450675,-3.414766,0.8728717565536499
-0.930132,-8.384222,0.44154515862464905
-6.690177,-7.351643,-0.3843472898006439
-4.945178,-8.091426,-0.9449930191040039
0.937018,0.077871,0.8202254772186279
-9.175244,-2.100453,0.4069035053253174
1.052006,3.456082,0.835741400718689
2.140647,-5.950571,0.24403196573257446
3.694059,6.42357,-0.5179396271705627
-5.576777,7.817674,-0.053233396261930466
4.836738,4.989047,0.14114269614219666
-4.311007,-4.924947,0.3935765326023102
8.095281,-6.469971,-0.2448456883430481
-6.67546,-9.384981,0.23577332496643066
6.515931,4.349441,0.9989228248596191
8.137565,-0.928151,0.9999297261238098
-1.316824,-4.869649,-0.2712690532207489
7.17808,-7.021184,-0.9734885692596436
6.373847,-2.238924,-0.5826699137687683
-8.584787,-3.035078,0.1257704198360443
-6.120297,2.695073,0.8525037169456482
8.642531,3.598409,-0.35523271560668945
8.775659,3.1175,-0.3365136384963989
-2.692481,-0.249871,-0.3612193167209625
-1.310076,3.256058,-0.27023839950561523
-2.109399,5.715095,-0.2861706018447876
-2.295446,-7.872813,0.9960375428199768
9.184382,4.340377,-0.9091296195983887
-4.715557,-2.348522,0.7311939597129822
-1.976247,1.915453,-0.9792119860649109
-9.415914,9.703652,-0.043945636600255966
9.275983,-0.601245,0.3336544334888458
-9.557928,1.317976,-0.2824767529964447
-2.156108,9.430975,0.7485446333885193
3.23151,8.856809,-0.2303779274225235
8.365399,9.734909,-0.892227292060852
-4.39762,8.269563,-0.9811366200447083
7.631232,0.672892,0.9999633431434631
-7.431312,-8.434076,0.6374499201774597
7.236156,2.788616,0.9638192653656006
-0.520014,7.119141,0.9846773147583008
-7.0006,-3.385491,-0.9749605059623718
3.282212,-1.592085,0.3580298125743866
6.44235,0.416077,0.2874909043312073
-3.245313,-4.026241,0.9828470945358276
-4.767867,-5.709781,-0.2975843846797943
-2.266252,-1.171144,-0.4816651940345764
1.439928,-9.632568,-0.9984648823738098
-1.870888,-4.238116,0.07824933528900146
1.086321,-6.500241,-0.8320370316505432
-9.919254,-5.734419,0.7323686480522156
6.155617,3.900512,0.8974716663360596
-7.731069,-3.300042,-0.5998177528381348
0.676757,4.881375,0.7901450991630554
3.530957,2.674158,-0.9459706544876099
-0.572294,-8.855353,0.24686875939369202
-7.907439,-8.031349,0.8619577884674072
-2.531183,4.975797,-0.8118639588356018
-7.417881,7.143335,0.9082566499710083
-1.118962,-2.661375,-0.9228781461715698
5.71844,6.176422,0.985664963722229
3.721558,8.198922,0.04815211519598961
-7.182257,4.818152,0.5928500294685364
7.013046,-4.153373,-0.5581870675086975
-6.916994,9.098361,0.7702947854995728
-5.429087,5.159593,0.6013143062591553
-8.396232,9.226282,0.7337128520011902
3.386767,7.579379,-0.4651702642440796
-9.935841,7.874518,-0.9111716747283936
1.902597,-6.437466,-0.14598843455314636
6.820446,-8.551677,-0.8173349499702454
9.801834,-5.256369,0.9625070095062256
-1.900547,-6.875395,0.8119357228279114
4.826394,-6.84002,0.4727814793586731
-7.879065,3.470687,-0.4716188907623291
4.166657,2.268707,-0.9844783544540405
-3.255844,-9.625711,-0.036609746515750885
2.149488,-4.021099,0.7640273571014404
2.600083,-0.74104,0.7014214992523193
-9.901062,6.171111,-0.996577799320221
-3.256705,2.192303,-0.550296425819397
9.515649,8.26763,-0.4068962037563324
0.588825,-7.69565,-0.958249568939209
-5.835361,8.352855,0.0349651500582695
-9.824373,-1.534096,0.775756299495697
3.462742,8.84044,-0.006443758029490709
6.790662,-3.099484,-0.4609980881214142
-8.97795,-6.689305,0.993773877620697
-0.451383,-8.851521,0.12697312235832214
3.66657,7.183563,-0.3240585923194885
-9.226345,3.890653,-0.9910447597503662
-7.53192,-8.005324,0.6094093322753906
4.556816,0.033922,-0.989538311958313
5.954378,8.780283,0.6253254413604736
-9.075131,-1.802993,0.22238901257514954
-2.17578,5.683813,-0.35841187834739685
6.63295,-9.716455,-0.3880486786365509
-9.515092,6.418628,-0.9279199838638306
1.332468,4.928099,0.23815134167671204
-4.350058,-5.058555,0.317355215549469
4.765683,6.689746,0.5744319558143616
-0.270583,-6.171525,-0.7873830199241638
2.153639,-1.357491,0.9886602163314819
1.40342,-5.04565,-0.20127591490745544
-4.878021,-9.173721,-0.9984394311904907
-9.297,4.757443,-0.9974575638771057
9.664026,2.608598,-0.8770038485527039
-2.668056,-3.493365,0.5959401726722717
-0.046306,-2.11894,-0.6599750518798828
-9.148218,-4.124651,0.8605543375015259
7.050845,7.353854,0.033122655004262924
-0.595742,0.407547,-0.44933047890663147
2.829716,9.33075,-0.46479159593582153
-1.551219,8.351879,0.8944799304008484
2.284461,9.755583,-0.7792236804962158
-0.554087,-4.720605,-0.8842523097991943
1.685533,7.926641,-0.875789225101471
4.636878,2.730892,-0.7011702060699463
-5.247289,1.403141,0.9961070418357849
-1.323265,-5.05386,-0.20810189843177795
-1.836694,0.703324,-0.9991171956062317
0.402548,-8.904068,-0.651748776435852
-8.349249,7.903697,0.434750497341156
4.163594,7.129306,0.1491781324148178
-7.421824,7.579694,0.9562938213348389
-4.183264,8.692786,-0.9880836009979248
-5.090182,-0.066799,0.921428382396698
0.547701,8.956379,-0.254192054271698
-4.264129,1.052986,0.708493173122406
9.471201,-5.983317,0.9590041637420654
4.57851,-4.045157,-0.1487496793270111
0.385017,8.565419,0.03011358715593815
3.665531,9.836371,0.49110665917396545
0.015395,2.684142,0.764189600944519
-9.600095,1.155489,-0.19130030274391174
-3.968921,8.271716,-0.9725505709648132
-8.462036,5.424422,-0.4369489848613739
-9.853005,-3.192172,0.9920134544372559
9.572438,-6.603071,0.9274107813835144
-8.060571,-0.78124,-0.8981443643569946
-5.902049,-7.269402,-0.935194194316864
6.865825,-3.484231,-0.5024457573890686
8.933845,5.8863,-0.9823684096336365
-3.923242,6.648931,-0.9722751379013062
2.290413,7.690702,-0.9996607303619385
8.881453,-0.809574,0.7180667519569397
-7.908706,1.655857,-0.8905009627342224
-5.601724,9.848158,-0.6246118545532227
7.021145,3.306482,0.9759738445281982
4.963842,-8.013954,0.6658790707588196
3.021584,-1.056092,0.44051575660705566
6.083797,2.697738,0.6125859618186951
-4.424383,1.12357,0.7987091541290283
5.773459,6.817101,0.9960039854049683
7.862186,0.869669,0.9596535563468933
-8.05745,7.38298,0.5445149540901184
-2.41205,2.430151,-0.9977083802223206
5.743271,3.662031,0.5857024192810059
-8.596358,-0.789995,-0.5454758405685425
1.491324,4.191846,0.3107316792011261
4.087006,-0.698439,-0.6617071032524109
-8.299757,-8.101903,0.9931747913360596
3.313711,-2.759029,0.6488771438598633
-3.2694,1.476776,-0.33562183380126953
2.68709,6.502669,-0.9990071654319763
-0.560033,-1.229416,-0.8142106533050537
-4.524151,-0.532118,0.9998221397399902
6.769153,-3.131617,-0.48892495036125183
3.434916,-1.337303,0.13196738064289093
-6.645226,-9.909337,0.3659823536872864
-3.235119,3.412418,-0.8374933004379272
